62.20953188477137 -16.60608275637687 0
59.43309172367912 -0.4681074827501311 0
49.32795312866509 -4.7364937479227684 0
44.71374879334248 -6.403795720997826 0
58.39808064591688 -18.250004566819076 0
57.66948140939448 -22.344452984015895 0
49.22745184667102 -10.869600523300276 0
60.35434002603257 -15.491582198598378 0
43.23410172397562 -1.9992954433899561 0
53.16184561122785 -0.6453037079026402 0
64.02284122876195 -20.44389450111997 0
43.89656736102832 -11.499475923689468 0
54.71114493717034 1.3543927083940128 0
42.889166522407464 -4.083494457415443 0
66.78825126042341 -24.60324943514748 0
58.59261911873097 -26.444219836985454 0
63.947864377562496 -26.13154284561695 0
59.96344191901092 -11.55617618043478 0
65.41701190947738 -22.174130283356966 0
56.03258594153697 -20.423688775774963 0
66.89840021565381 -15.92668276820288 0
55.553471551258795 -15.404390093380458 0
51.398365891856706 -12.377742946448075 0
59.81075026526998 -7.700963902260713 0
43.01403275495725 -13.92516430532256 0
57.04986498370075 0.8784199990476393 0
57.27283351682178 -11.403604596911189 0
64.2108865618314 -16.812173466102465 0
65.56644974744358 -12.765316808798854 0
44.104827063616234 -9.044241020123557 0
49.940740618569286 -1.1675607512399058 0
66.11000402109418 -6.5214773657560094 0
51.82754476854872 -24.229214617178183 0
57.023758848944716 -25.172036198593684 0
52.87277434782596 3.0288282347500846 0
62.65901797700826 -3.939448205344582 0
67.4290861228649 -7.796893720939212 0
51.50255952456415 1.5607757366020718 0
44.9376215953123 -3.350878489503507 0
62.966599849656305 -14.676019377910716 0
58.83149596505707 -10.107379582743285 0
-3.0794831726673744 -3.6065961791292303 0
47.11390974667192 -8.668228149990735 0
56.6927299370206 -8.020111574039033 0
50.966084159195184 -21.49034585118506 0
60.97366524909045 -1.832899673498606 0
52.62059241600878 -21.980241777546972 0
46.741102255411214 -6.351699508509803 0
61.935460429734256 -20.34703919526219 0
63.16934161775438 -12.32293805487448 0
-39.43489887227608 -17.80348984250802 1
-38.481203866743535 -9.187290400155502 1
-37.680277089565614 -16.886450983534715 1
-5.895548899350608 -8.714521214780424 1
-31.153430052315993 -14.6270930401813 1
-29.56089482564402 38.02310908110782 1
-33.0613042054211 19.54214326902532 1
-2.1093849237815947 -10.47555987545816 1
-35.38528991933729 -18.84126232569018 1
-16.584448755221043 23.06816526137843 1
-4.227382692848677 -12.957902298392119 1
-22.59859485395025 15.368018203930147 1
-19.51357485792053 -19.603910306890214 1
-26.04626975523965 41.01254764315175 1
-20.703510145357182 13.19107525515536 1
-35.61430950477946 -15.041736120479381 1
-31.51734351274121 29.786045293322196 1
-28.236104219774322 45.50751538830387 1
-21.775068925114464 -16.99144768409957 1
-11.098497749755456 -13.17749865684855 1
-32.45861863722363 24.300881257340222 1
-28.81114968801207 -14.24474572861194 1
-13.795911296078685 -17.41894734764614 1
-29.352867547146488 43.98738213646766 1
-33.19493096962565 -16.379676344642707 1
-33.843052866225385 -13.986272183394465 1
-36.34380025960366 -20.623093563325607 1
-35.77650087799303 -10.904893860495093 1
-23.98147785173318 27.52041408199527 1
-16.289276528074573 -14.6255951755415 1
-8.912737746245611 -12.082615369840745 1
-9.353338688422403 -14.094722896979949 1
-14.912599601799572 -12.77527120075602 1
-27.173536353134196 37.803586188157055 1
-33.530224947114384 30.345448227339816 1
-32.94594834830453 22.278844120800066 1
-36.82342938862714 -13.217561673035338 1
-20.952427364911234 -18.576748285452815 1
-28.993454194252397 32.21944746272496 1
-7.266276530572953 -10.200408634601077 1
-31.24967682078052 39.46885765778632 1
-24.242326689320247 41.068091946111664 1
-13.658846649693087 -14.18661029164162 1
-4.054857261611672 -10.5193289681495 1
-24.807113683831183 31.674931323853126 1
-29.381034093935707 35.97026233043297 1
-26.95973930616169 33.09706142373488 1
-40.07470357568849 -12.529042509872099 1
-4.749371275612411 -5.410568198552219 1
-24.254024718400935 29.636929590671578 1
-41.545798147243424 18.850777500001907 2
-17.536225799442093 20.724354484296562 2
-35.206781228347516 -8.794114393802367 2
-23.863796754868627 37.39815802217853 2
-28.543687200805685 16.28765237691099 2
-43.62802687419477 -23.507379747319096 2
-14.013602393848235 24.487999381975666 2
-45.52755308056317 -27.04807763205134 2
-13.505607033782187 -19.378923210854502 2
-35.577493509432415 10.636883566577911 2
-31.85098782314325 9.72161574678043 2
-23.173786212126306 8.638833779082304 2
-34.90540503826478 6.044836786974464 2
-15.603124314240898 18.403181931065923 2
-30.641365886958532 -0.6881657714619877 2
-30.844600584736106 2.2603116634840346 2
-22.18358209769066 39.863686466700756 2
-52.22494529193213 -24.056903994405758 2
-38.480051732183945 -24.079842018327753 2
-11.494938183187571 -10.629385052804823 2
-32.665437559506124 7.258696993490456 2
-14.890671181881281 20.67964556992812 2
-42.490490830915114 -25.482698502492422 2
-20.86148463375259 8.199799141777515 2
-32.661133484985754 17.478536032147407 2
-47.49499038666968 -25.441467159531374 2
-21.668292726425133 10.189941102107998 2
-26.00129380596046 16.72262402077738 2
-25.999486171211 13.641672496665537 2
-45.301727298617976 -25.33460535662813 2
-40.01765057224139 -22.9892602827602 2
-50.7886405442056 -23.597371101764523 2
-26.320180360936924 11.52314923579205 2
-26.613040442668144 43.043583295709745 2
-32.35564248125976 43.09133382605881 2
-37.809998149546985 -0.47785539291270424 2
-42.114160649528685 16.837279664481386 2
-21.834199860983183 37.60813726788963 2
-24.918058346679693 17.934175097253235 2
-35.628700404519414 4.295821795937592 2
-29.20657855450735 3.894210358015024 2
-25.19747675326793 0.7937733028352724 2
-18.731832691765653 22.397438657990243 2
-32.516105303386446 12.454523589692615 2
-31.344286602591506 3.9495159899520393 2
-26.203076506885974 2.0591056208057514 2
-19.248112650058474 6.573813813023753 2
-29.637540446255894 9.05016556359142 2
-40.43783152523786 17.151104430821594 2
-31.975538699142742 27.866681756726788 2
